[[1.0000000000000002,0.9039926356039208,0.9263671498273441,0.9331611270375676,0.8496182644606778,0.8861541005418542,0.9100349230920014,0.8872051357372353,0.9450535087008924,0.9442725820719468,0.9039605390745643,0.9697218516571149,0.927780251422102,0.9576048844935139,0.9109514361960522,0.9648191484844412,0.8174999678912234,0.9393869339814259,0.9304391283036122,0.8827388775144428,0.9028638109921864,0.9482888717784731,0.9541928244497403,0.962583038695789,0.9905845846732458,0.8642527336379071,0.9156762976359791,0.8242734735547009,0.9356903442842355,0.8994343724346241,0.9145313574399803,0.8995139466634239,0.8105077159473326,0.8398617344290944,0.9357123684722406,0.8886556883602205,0.8649204014234155,0.9016469756143258,0.8918403771987305,0.9222219436903514,0.9426362150128992,0.9745506186155704,0.9142874497500368,0.9196540008803344,0.9532788275903505,0.967091159376898,0.9326583718426875,0.9157321720626802,0.8952680285990832,0.7625482743498538,0.9199641189169842,0.8982786320854615,0.9674812739991516,0.9229442812341111,0.9320405265416278,0.9641363118366707,0.9268023690693907,0.9438425812140925,0.9339098914022979,0.8873867162674184,0.8896072948633073,0.91591329549252,0.8084995014681929,0.9144086966550636,0.8841541288690126,0.9464021135705385,0.94295555922519,0.7537070342485731,0.8554672193331562,0.8316312470244787,0.9598760634202217,0.9478931919242175,0.8985326708234368,0.9421168606709136,0.9391737687521072,0.9497721170639214,0.9802306437434762,0.8665813841088,0.8463250116458633,0.9495465869608357,0.8313948800155055,0.8861213775687128,0.9824715714918201,0.8512231704908578,0.9677746944766941,0.9706040727464182,0.9066419962120664,0.9586849064377768,0.9474274678933706,0.9432216194042684,0.9268122390315665,0.9573094937699561,0.8351350768407013,0.9262425315813626,0.9129212717035653,0.9233480692265562,0.9239864364336686,0.9851965035014885,0.914416670167884,0.973366116227488,0.8382146974530339,0.9449629854809104,0.9005371205334173,0.9205701134722059,0.9235255509348851,0.8596079230023415,0.8831839224300109,0.9375342629108203,0.901321952570673],[0.9039926356039208,1,0.8677892881395239,0.8818446354119344,0.9072459372446945,0.8546275696076934,0.8703058291010027,0.8262546407644187,0.8866196112127855,0.8721889030726475,0.8258756677932345,0.8989648996655126,0.889053097141112,0.8938271019322742,0.857927239313595,0.8772512337609734,0.8873570279916505,0.8664639075514188,0.8859563674434283,0.9573165319120573,0.8450074882976355,0.8681165269616298,0.8742153573865746,0.8950578603695211,0.9088799890046939,0.8100181693836442,0.8872834738333755,0.886777993774561,0.8533907357823622,0.8619497213849627,0.8505146871116285,0.8542541080456633,0.8622302511649534,0.797457755109831,0.9088514176275237,0.859468490905915,0.8020289982759305,0.8219742119326447,0.8533138573282415,0.8464882931781439,0.8843200276520086,0.8857933913766698,0.9766681675146945,0.8408108369919317,0.9535707208580183,0.918900394443045,0.8555168454891666,0.9433417873247091,0.8213958314946647,0.7739320724046881,0.8360881683462925,0.8602435391084033,0.9377104670237247,0.8487558425352419,0.8667309390789988,0.8926551393865815,0.8710615680984642,0.8285880276809242,0.8447067612989808,0.8717187355847036,0.8647689861088673,0.8409954275293947,0.8657338424005349,0.9131272145973272,0.8628039816165964,0.9036599153342424,0.861670448545469,0.7534838350151125,0.9345570834881667,0.8388416498326132,0.9359086702157865,0.8931242601596301,0.8169945177209315,0.857541594267574,0.9166065636894419,0.8383585852087154,0.9145368067966183,0.9247960603717855,0.8850743634948853,0.9395501280327244,0.8668878332841589,0.8472954252238546,0.9259113843843801,0.9285160207402634,0.9243305793985006,0.9387865029229369,0.8627601956481012,0.8952797113731434,0.8764113681679737,0.9313776411568855,0.9793297453595982,0.9122876789945387,0.899666851737614,0.9672245211527664,0.8562493626989335,0.9260333570880586,0.8792931773318473,0.9100172310884673,0.8461718509964429,0.894800546240071,0.8980885478190118,0.8544352289252494,0.8398390173083681,0.858930431879328,0.8537673783908063,0.758506034482883,0.8257561173554738,0.8867960168364968,0.8269076117576422],[0.9263671498273441,0.8677892881395239,1.0000000000000002,0.9864820202484884,0.8581928886768094,0.9650635639675277,0.965452594340166,0.8853616523056184,0.9664480584906392,0.9645593174386091,0.9764846969617414,0.9702385278950145,0.9820999315384893,0.9690002155120818,0.9626355516799465,0.9664982821836002,0.8415043455922552,0.970783235740977,0.9714870249910426,0.8871176159965718,0.96059166354345,0.9464002857821431,0.9751912787537512,0.9651828828448444,0.9271375449021036,0.8615513227411234,0.9532691484688086,0.8810277320664341,0.9544433939714716,0.9698166858959085,0.9792824165321656,0.8668300294971024,0.8405666648523158,0.8958526343698113,0.9416017418041357,0.9547775012702643,0.9700961043496102,0.9204713054638215,0.9475479436369831,0.9652101489101289,0.9867925241388551,0.9606546730599671,0.9024961881474179,0.982498560742332,0.8873368395681305,0.9404801418099813,0.9735409776162177,0.913329033884626,0.9500708540817233,0.8198480210528416,0.9522374606641143,0.9634286925610956,0.9208589640398425,0.9541576365135218,0.989306583342671,0.9675736427489096,0.9862100493472329,0.9602180384825341,0.9731313383419145,0.9631025052222224,0.9685189601640188,0.9627691599586894,0.8126360066418271,0.9469636030926174,0.9695577988012529,0.9759679985677086,0.9619174842308407,0.7771236759090031,0.8016449745568013,0.9088981889531359,0.9338100711350192,0.961147268426075,0.8992593080952566,0.9830198135214023,0.9277718920797564,0.9435113165452523,0.957837430455439,0.9164361456856127,0.891259871616992,0.9112230828473481,0.8458004948355566,0.9473664719228809,0.9399698816373849,0.8219696541647982,0.9375121652140282,0.9258750235649403,0.979112742702537,0.9866503261361486,0.942241856134434,0.9309067603421337,0.8963409526981438,0.968262447380431,0.8682644978449641,0.9193379439398859,0.9493824083654548,0.9414630800765831,0.9573245265992669,0.9563871207410702,0.9799766217671912,0.9562782635919275,0.8559695125913038,0.9838736159715967,0.9694065820068832,0.9234092851513787,0.9829759283046081,0.9151583458654583,0.9806946663361966,0.9757514394901926,0.9419822781686772],[0.9331611270375676,0.8818446354119344,0.9864820202484884,1,0.8768118041474452,0.9680899955792615,0.9704046061151271,0.9079361752625381,0.9769151965022936,0.9486626017408797,0.974714838666535,0.9616834633108455,0.9870367775419849,0.9760231908000582,0.9704291821701598,0.9650893324441213,0.8697810825055533,0.9493442276767373,0.9875323082237755,0.8951915236739375,0.9650066895262667,0.962237219946153,0.9739331433126028,0.9577454696913211,0.9345626504658257,0.8815957770092764,0.9587004256888703,0.8807161618941746,0.9661807988748384,0.9600812002293271,0.9750246712550688,0.8895712781787947,0.865620006454513,0.8883640095049171,0.9578054519858354,0.9493147067611967,0.9599870849841341,0.932721838225087,0.9487088905051989,0.967838858705444,0.9805033831775694,0.9610702900277751,0.9074736557710439,0.9659708779740009,0.8975532939802624,0.9428124542094819,0.9761381665579403,0.9130140106479047,0.9556114845455855,0.8240340807632417,0.9593888231376774,0.9724268894395728,0.9284721274590815,0.9672199864603084,0.978455569252296,0.9721458417146243,0.974932244750666,0.9594758751151915,0.9687347673991435,0.9670516870975732,0.9641340339636988,0.9686400836254937,0.841993141415322,0.9349054141924861,0.9694728621434513,0.9817772890052753,0.9732175928137179,0.7867986403853793,0.8288248136024174,0.8843791912791722,0.9370919179246415,0.9752815886781022,0.9222565147355796,0.9722656426579038,0.9234288939094142,0.950059979040986,0.9566727543978653,0.919007037353311,0.892718885757999,0.9148013608738037,0.8676675345887118,0.9544138968019213,0.9433356397143504,0.8511904142902033,0.9401694037718034,0.9302319757878457,0.9653535964651582,0.9805883214452049,0.9597585715564684,0.9330647358784487,0.9040268095382213,0.9680364325661663,0.8783687220750557,0.9265074599246754,0.9581587461689485,0.9368357117285525,0.973047930368529,0.9544217087132697,0.9761657970090154,0.9545247351037838,0.8769497023902442,0.9797249826582388,0.9734260448466245,0.9452665156622654,0.9762156428753913,0.912566012060952,0.9661861276860326,0.9854495505239615,0.9535474021903452],[0.8496182644606778,0.9072459372446945,0.8581928886768094,0.8768118041474452,1,0.8796170964146274,0.915635383314143,0.7978069790293238,0.8872706168789306,0.8774064194051322,0.8087760289276715,0.8674388300442715,0.902328721273714,0.8531141968570007,0.8619842845620356,0.8249359558361828,0.9753906825377534,0.841328681110812,0.885094841607021,0.9562369306422525,0.8630157742316577,0.8323543269417907,0.8338994022501159,0.8855855123296796,0.8376139451551925,0.7758615259783417,0.890350413250517,0.9520765183388766,0.814569361726931,0.8888439013242461,0.8743111155885802,0.8135444937905122,0.9623244138238726,0.7809498112035728,0.9044332255010588,0.8943118162856106,0.8197386636533341,0.8179394442172657,0.9138053849704173,0.8102166945186084,0.890721716413707,0.8574531988260842,0.9188893518435811,0.8419428102776023,0.883566457741768,0.8391134347362972,0.8248390842439551,0.9258211097693166,0.8271691483693577,0.9138254955765331,0.8104073598280519,0.8756811934511536,0.8937844078868503,0.8554266819828872,0.8715098677395084,0.8807465478767628,0.8713517213944427,0.775731103127367,0.7998261806805727,0.8713453307806998,0.9055181520846706,0.8437860644819752,0.946790376124747,0.9215694194056989,0.8899062012119623,0.9201558176493776,0.8346903831655973,0.8936900876641274,0.9267760643461381,0.8678474950606528,0.8888890492094128,0.9106048405294652,0.7659643817822478,0.8207681056372822,0.8378952675995608,0.7783742670777877,0.8785196608819393,0.9175088373061295,0.948209669730306,0.8457111057951587,0.9720797059460788,0.8773715315678632,0.875058613441796,0.9463998856290174,0.8652950151912817,0.88820856808634,0.89069078359473,0.8735507959143841,0.8317680771699715,0.871631496828336,0.8932918358514981,0.9070614515292437,0.954898800851396,0.907391380950451,0.8892113459446354,0.8915291475625373,0.883145334396721,0.8639112993971392,0.8297291156608378,0.8523754504029236,0.9907929980551822,0.8289887666609721,0.8464810331149043,0.812334929452712,0.8692574619576479,0.7300658457969025,0.8557786926026401,0.8980476957666602,0.8294880997966058],[0.8861541005418542,0.8546275696076934,0.9650635639675277,0.9680899955792615,0.8796170964146274,1.0000000000000002,0.9679202047019653,0.9052352000955268,0.9487597033710414,0.9232415431063069,0.9452707431547059,0.9247413578954885,0.9754162650656119,0.9241157384706313,0.9804407629997677,0.9183115530460844,0.8628439661823969,0.9251340561528912,0.9631355745794523,0.8883626304145366,0.9684776274330708,0.9070409420917761,0.9231254711998669,0.9349040388055936,0.891051695791016,0.8810133679472335,0.9639878493387405,0.8883619727158112,0.9230295243778616,0.9617967429815528,0.9582709935036153,0.868835455536295,0.8558185262575959,0.8907093661498234,0.9521869431729587,0.9640571247008539,0.9644693506818149,0.9393455612272023,0.9578707517822788,0.9445755061640495,0.9589064991472783,0.9244779012222157,0.885669333378464,0.9511890844266498,0.8628477312802646,0.9100390643736302,0.9455190071457406,0.9106875027885789,0.964781498518613,0.8371448987404561,0.9243708654606424,0.9709947244469606,0.8993094342565019,0.9588963042795016,0.959743105287401,0.9312799541749038,0.9584627060347816,0.9045619669887542,0.9437801493417088,0.9892343064068838,0.9870411885514805,0.9651586985636889,0.8159819535084257,0.9355546660147658,0.9941880909346613,0.9606540317612667,0.9248927665637486,0.7909282244017924,0.8034610984789982,0.8935959030121927,0.9132062855303638,0.9452700073521797,0.9006556852296621,0.9317680153612069,0.8827216293554814,0.8928131949283303,0.9217991991871979,0.9354491851293153,0.9086666577168231,0.8708517033751766,0.8659582717244013,0.9759220030854251,0.9070249731548896,0.8322185218607947,0.9071990100000735,0.8976764723554304,0.9615388715607436,0.9484909549031956,0.9091785666948868,0.9093574410862432,0.8717744796764239,0.9389064679816769,0.8770264591363037,0.9095551160544652,0.9632432052422133,0.9245607114271713,0.9750908651415272,0.9188638817907735,0.9564382488747818,0.910507443839288,0.8762716723106599,0.9446630687649477,0.972283546131651,0.9068774592388185,0.9645007678998544,0.9300967000648508,0.959624747467778,0.9609888325923862,0.9627148228323306],[0.9100349230920014,0.8703058291010027,0.965452594340166,0.9704046061151271,0.915635383314143,0.9679202047019653,1.0000000000000002,0.9029847962427564,0.975819197400134,0.9600710015358849,0.9532876226371605,0.9495279689256224,0.9876479982695802,0.9402116138876081,0.970141829827698,0.932689468853517,0.903947371477141,0.9420853624099583,0.9785860510461372,0.915101916894118,0.9805100833280546,0.9355212803959014,0.9404486476563891,0.9613407229383989,0.9076994978668225,0.881165787731419,0.9758604140439637,0.9112446000880906,0.9372658949685666,0.9619207363037428,0.9880842609353883,0.8796868830883002,0.9075251515876319,0.8974856697727328,0.9707912920288352,0.978445183555278,0.9599106716421629,0.945959328866978,0.9900578675290956,0.9502671974609581,0.977381845994649,0.9408081905432365,0.9138810107846915,0.9588083922780537,0.892062472814861,0.9053157459343529,0.9538603830081696,0.930449781289515,0.9638120776074719,0.8875065450147264,0.9471244379800374,0.9784103656545828,0.9232171106567313,0.9749403016167216,0.9724384685693419,0.9594532188014613,0.9592648669071177,0.9146191700864835,0.9185878878706376,0.9537163853096212,0.9827285438170227,0.9754954724491914,0.8814134791929871,0.9543661442641687,0.9725167894985774,0.975176059642573,0.9523310892786233,0.8643838771422819,0.8371369038963137,0.9231503983680387,0.92804685868549,0.9709607782795792,0.903247452453136,0.9478542818009814,0.8950764481629152,0.8996359851409051,0.9428839278271518,0.91911317591441,0.9313824063270646,0.8798313512222461,0.9243848305495196,0.9673933707027108,0.9298620315620408,0.8584767546759614,0.9260804599084417,0.9209205859353249,0.967406211383116,0.9598981656618837,0.9332314111793553,0.9162827032028433,0.8909057154737025,0.9650344268147196,0.8983501172762313,0.9154035700228498,0.983033008012468,0.9342439685660323,0.9749157580414158,0.9386249001803328,0.9540720502088049,0.9355264184602237,0.9149204181139401,0.9511535865288864,0.9777156064418748,0.9220576760308904,0.9699586420927644,0.9045480983500398,0.9710054973674616,0.9780099813649458,0.958882113436091],[0.8872051357372353,0.8262546407644187,0.8853616523056184,0.9079361752625381,0.7978069790293238,0.9052352000955268,0.9029847962427564,1.0000000000000002,0.9373022167721856,0.85738827995233,0.9095797065656921,0.8895357657732815,0.9136485922384927,0.9114038921563477,0.951644027795768,0.9076433133185402,0.7769723231417591,0.8528677535392003,0.9247725112045125,0.818112272211997,0.942645675165792,0.9280447219082649,0.9114061312143292,0.876239523838913,0.8785714858467099,0.9640640736561622,0.9545563196566569,0.7729917721213713,0.9296112903169066,0.8368895848601712,0.900565648753943,0.955052373821404,0.7682454799882042,0.9057360649452575,0.9560254805313677,0.9262442762109673,0.8761567880405684,0.9695947295946072,0.873653449523292,0.9275948209796465,0.8844981214149809,0.893908136037753,0.8364151340838993,0.8624413841661723,0.8505548477344248,0.859715722964515,0.9209782941492731,0.8275864842989691,0.9566806346235774,0.7104887173552092,0.9377131888132471,0.9123837952078633,0.8603170444279963,0.950645018807801,0.8824961888747411,0.9027641849270193,0.8615661081333525,0.9110947724720738,0.8713808776149314,0.8962439037556591,0.8876100467424569,0.9343103761535753,0.77136717297778,0.826117759054172,0.8855245130487207,0.8876884319267778,0.9296653367022528,0.7025904802796603,0.7957910101416035,0.7601191002694301,0.8573025161436229,0.9056271461654678,0.958470579787528,0.9040169390873345,0.8410761025635289,0.908432739194182,0.8890760464204669,0.7914990014998861,0.7831970458715722,0.849517674464936,0.7854626048200379,0.9524155754727063,0.8764276660816533,0.7967337405165149,0.8646900227644244,0.8639530972894153,0.8476005067563862,0.8928526565287789,0.9314088293039599,0.8471679780183643,0.8420507322792238,0.880074795293907,0.7838790541577003,0.8405204971252666,0.947228977731512,0.8339898247303401,0.951477809710138,0.8868410890296766,0.8843030730108858,0.9019288891759673,0.7936366603433086,0.9080839577785182,0.9336504412034197,0.9511343532937493,0.8763179405122578,0.9522856497359583,0.8540517017442316,0.9029445215398572,0.9667045984807972],[0.9450535087008924,0.8866196112127855,0.9664480584906392,0.9769151965022936,0.8872706168789306,0.9487597033710414,0.975819197400134,0.9373022167721856,1.0000000000000002,0.950133305093512,0.9724276891636097,0.9647526710135556,0.9863497156068766,0.9746860084113197,0.9766395695701255,0.9652437858169408,0.86781961240754,0.940148908134661,0.9853341945489099,0.8983697598027787,0.9797323381203566,0.9733833881086066,0.9754641022907415,0.9529318090583757,0.9348833579215418,0.9115694722513668,0.9705904172810834,0.8752253940486899,0.9777789493723036,0.9269838092214775,0.9805532551609966,0.9227289675563353,0.8681800324028696,0.9018991171296898,0.9752269184376091,0.9576333922324958,0.9461139963008871,0.9585529597753988,0.9480808946234928,0.9763176660175249,0.9679338997974701,0.9571191022902643,0.9087201018165082,0.9462944223570438,0.9127281137732235,0.9225761378485908,0.9753900777889235,0.9074186341451218,0.9696692386049219,0.8259146213776142,0.9832896269408224,0.9656449469204028,0.9311840978735418,0.9807124293183355,0.9624518254834851,0.9691131934238667,0.948976873941859,0.9613401212527158,0.9330590938030543,0.9433840279482981,0.9553837206962448,0.9771636467729006,0.8617681443684945,0.9248789788327385,0.946958887539108,0.9713405805393124,0.9838406133433266,0.8082049708615116,0.8584721125555743,0.8677509991122919,0.9304893948202331,0.9711896048603069,0.9517755187454195,0.9682399911241367,0.9141968661232293,0.9532707124658242,0.9563784043580794,0.8815599915995861,0.8830486635096004,0.9115590586093406,0.876006569937474,0.9536578436654617,0.9447003496912008,0.867876253477863,0.9324773733712624,0.9363879369794033,0.9397359020659368,0.969842628181179,0.9733463493155649,0.9162184413953569,0.9049788683343776,0.9578157702913492,0.8781560243983529,0.9108538897148285,0.9802078377898259,0.9151387722887349,0.9817564738819723,0.9525345836760254,0.9478174686628981,0.9632528871168754,0.8820594396017133,0.9727700550697387,0.9778908217245257,0.9751635965500335,0.9544667279862445,0.9277486008158984,0.9476010775352958,0.9731067496159537,0.9656735256996064],[0.9442725820719468,0.8721889030726475,0.9645593174386091,0.9486626017408797,0.8774064194051322,0.9232415431063069,0.9600710015358849,0.85738827995233,0.950133305093512,1.0000000000000002,0.9392696478176484,0.9784264878343408,0.9578063942999276,0.9525186104983795,0.9335911212797501,0.939004304558938,0.8551122252285018,0.987153819865209,0.9375537350067303,0.9057103386998272,0.932599840348838,0.9155886727554745,0.9540432091508825,0.9764396174461575,0.9414185831559988,0.8317673733400196,0.9471370536232631,0.9062654396114537,0.9165560971120711,0.9488487667006342,0.9684558551515008,0.8543219634224388,0.869547662894047,0.8983580194894542,0.9317086770792437,0.9502927647512301,0.9458015161282909,0.8925211628549826,0.9453943438972974,0.9183467284655148,0.9777503613975224,0.9498802791764493,0.9218512772993319,0.97140564125479,0.9128923427390236,0.9388586125377884,0.9299356816374926,0.9223036109167841,0.9133196160844649,0.8539705997222918,0.9197376408243282,0.9210148192577983,0.9392638004713548,0.9304936162908498,0.9681806144882112,0.9612398022484491,0.9772601650455521,0.9185835799800518,0.9327999395609923,0.9293652728158289,0.9547262568063607,0.9276539111758018,0.8583214911996709,0.9681585407920813,0.9332471131747733,0.9658821891913011,0.9364839811044611,0.8272399569925646,0.8358959065371616,0.9447478837693081,0.9522106682190868,0.9414657904870047,0.8536656857703752,0.9505721438810028,0.9463014348499669,0.9019390538895943,0.9631755387751225,0.9115977473434611,0.9192305672197152,0.9239603702917859,0.8849721976388425,0.9140677015649956,0.9568698901452999,0.8497044026336651,0.9593018625514642,0.9499907122340556,0.9609096183629193,0.9735810632758762,0.9075867945421011,0.9432773713903889,0.9101364385804179,0.9737367357204434,0.8962888586092642,0.9256179186263052,0.9388264274192477,0.9512378115455588,0.9287970209589216,0.9675016236532551,0.9338666240595521,0.946071416491726,0.8754260297425956,0.9425116544770573,0.935193278050826,0.8865113074755463,0.9544378128101066,0.876899136546563,0.9678927241095489,0.9460164203825405,0.9113314302440557],[0.9039605390745643,0.8258756677932345,0.9764846969617414,0.974714838666535,0.8087760289276715,0.9452707431547059,0.9532876226371605,0.9095797065656921,0.9724276891636097,0.9392696478176484,0.9999999999999998,0.9512054401226042,0.9731239288830276,0.9635789592735219,0.9693701453616967,0.9528988680511841,0.797299132165467,0.9459882821645392,0.9727220065123022,0.8396131253788575,0.9666828891455205,0.9542648662833894,0.9710747943659449,0.9297854622031158,0.9005574396724046,0.8796917093352412,0.9466551317488859,0.8429847617528047,0.9765457443632071,0.9275698639756477,0.9768564804507569,0.8793844487692579,0.7996739606588831,0.9078525508163168,0.9302849326898663,0.9403384648259495,0.9744150288432449,0.9348356676673557,0.9191368085950392,0.9783093048266639,0.9604301007449817,0.9346026795103206,0.8564617744931402,0.955038690864624,0.8485357916415833,0.9068627714236915,0.9778800425016138,0.8523974967534034,0.9623240520969382,0.7728638998031531,0.9800848880654469,0.9578022725463861,0.8815928342742541,0.9615488776796103,0.9593989670807752,0.9480286809502216,0.9577202230216779,0.964231862710073,0.949780424184248,0.9469697032873656,0.9487763572898664,0.970509821857425,0.7831983644671408,0.8963011007628169,0.9450714046643565,0.9438350292876394,0.975608135452362,0.7356231510791817,0.7758909795970466,0.8612488960146778,0.8936188425394035,0.9335337080530705,0.9377379656337776,0.9702173342660992,0.9021679777837665,0.9420635767488466,0.9278450414850694,0.8573084842747699,0.8419718163024732,0.8835878307555948,0.7995059494022636,0.937131368963715,0.9085798717140156,0.7912535473347044,0.90527914136724,0.8898043562929444,0.9413238735026241,0.9619293413681267,0.95223055054146,0.8910172756926321,0.8563404550694801,0.9366697014182731,0.8331241926521777,0.8710440400092949,0.9493953556856468,0.8972705685857271,0.9581988016635736,0.9284572088170439,0.9610458390259957,0.9346745398405044,0.8057607601376219,0.9713951137643154,0.9777122466523578,0.9557966837501094,0.9484529121600229,0.9439058016927536,0.9665036231023509,0.9540180997524943,0.954167185858399],[0.9697218516571149,0.8989648996655126,0.9702385278950145,0.9616834633108455,0.8674388300442715,0.9247413578954885,0.9495279689256224,0.8895357657732815,0.9647526710135556,0.9784264878343408,0.9512054401226042,0.9999999999999999,0.9601067602769714,0.9752706658361187,0.9428880697593895,0.9715783048722031,0.8490658154490983,0.977722738313734,0.9549480145190564,0.9005391414143921,0.9388018508469771,0.9529465405389047,0.9786954721167797,0.9820487354265502,0.9649499164146703,0.8645054224949185,0.9441984214896911,0.8754966609399166,0.9541873384648395,0.9485185493066198,0.958097775858983,0.8911113826871723,0.849427251679982,0.8847525535994039,0.9446058586597316,0.9347992675320367,0.9262897424184889,0.9133457644126518,0.9264883834727364,0.9428960041258164,0.9790006886314908,0.9831691552578419,0.9220623543186373,0.9632347411407313,0.9307350899594692,0.9581463990167703,0.9539390148812629,0.920553797146832,0.9261488527370799,0.8186204541307682,0.9437410820167419,0.9338248534325138,0.9539806049214832,0.9416969033485711,0.9727620412987213,0.9831987020309734,0.9730852923303539,0.9544672145505269,0.9546931134724919,0.9283793837751086,0.942951340006561,0.9445121101274979,0.8378406535589926,0.9475687834791469,0.9276977430926995,0.9725241877020812,0.9606221751379693,0.7937869720440905,0.848081454226855,0.8892920467256608,0.9546614087027865,0.956272519895015,0.9016643232509747,0.9687437430318114,0.9471042102435501,0.9507801617149896,0.9844538078477836,0.8972004288262513,0.8830973725332083,0.9403971533271152,0.8534005684181843,0.9196490641199716,0.9739858704725218,0.8530514660309981,0.962412481383251,0.9609408711596564,0.9583468067845126,0.9853653033640467,0.9498270328151689,0.9442116831260599,0.9235547040420142,0.9802587006611779,0.8713158258300657,0.9299250664382727,0.9418799931822701,0.9424911726254706,0.9416372314857111,0.9820684815193069,0.945176392091729,0.9811332218326497,0.8598869808128344,0.9664373405290959,0.9386510058360983,0.926323144415483,0.9574790299261287,0.8911068119101614,0.9440934157629199,0.9602444211838423,0.9252804926674209],[0.927780251422102,0.889053097141112,0.9820999315384893,0.9870367775419849,0.902328721273714,0.9754162650656119,0.9876479982695802,0.9136485922384927,0.9863497156068766,0.9578063942999276,0.9731239288830276,0.9601067602769714,0.9999999999999999,0.9625631386708091,0.978865312665004,0.9576718861948118,0.8850970962141618,0.9528112041516162,0.9895064266586506,0.9165961865163147,0.98005007343685,0.9546439463685287,0.9625649063644238,0.9635078627354844,0.9265719178089898,0.8912017688322054,0.9752266782245496,0.9023048600394982,0.9602907886752577,0.9635039432783138,0.9901358149104502,0.8931637605102879,0.881500245048176,0.9013117321820654,0.9724466142327329,0.9714218256420877,0.9668033865046803,0.9444014641350658,0.9708873238204139,0.9750081427950564,0.982351372240141,0.9556420958098459,0.9222745103520177,0.970004145706155,0.9066247066202539,0.9312825282868417,0.9753653974452409,0.9340094766558799,0.9664574934068454,0.8484210245346947,0.9642251764753326,0.9796802028062915,0.9332558289225364,0.9754003835502061,0.9796670796367999,0.9675929192019945,0.9720989695944162,0.9440771618288398,0.9520383469531991,0.9689917749439361,0.979340848071297,0.9775662209837004,0.8595372768040038,0.9521218681331397,0.9796101131890897,0.9817297517758165,0.9682069077760875,0.8166110136087291,0.8426986959916158,0.9124346977431339,0.9414056538040898,0.9771701251211644,0.9209439670488111,0.9670110595331773,0.9181476344074726,0.9308990415589953,0.9532823741287687,0.9271227729977035,0.9168704735063393,0.9084842065499411,0.8954459924982436,0.9675633189361428,0.9418469297397373,0.8632475441448026,0.9386529592434648,0.9342641574762345,0.9706140711936678,0.9764809811157974,0.9542246392862779,0.933162434848385,0.911279838659653,0.9690383523984765,0.8956833576932627,0.9324026265812903,0.9763393528245966,0.9423379730422111,0.9830964264795096,0.9523629090909365,0.9716758205400094,0.9513046846571276,0.9017230376615627,0.9725798285246591,0.98341780224144,0.9452454229758945,0.9777036835291681,0.9193488271331891,0.9742902157427006,0.9847845325574072,0.9620750897932272],[0.9576048844935139,0.8938271019322742,0.9690002155120818,0.9760231908000582,0.8531141968570007,0.9241157384706313,0.9402116138876081,0.9114038921563477,0.9746860084113197,0.9525186104983795,0.9635789592735219,0.9752706658361187,0.9625631386708091,1.0000000000000002,0.9501249021070576,0.9762289787894884,0.8387675974452519,0.9469518580850994,0.9639250293295051,0.8876846802015932,0.9427311031888462,0.971832097396075,0.9939916601338887,0.9483652205496539,0.9513615128646884,0.8817679254119385,0.9447265490557639,0.8565428155123055,0.9728824255474768,0.9171115455891984,0.9539338504758713,0.9103887355085413,0.8417024419877928,0.8847600579311651,0.9478636884560739,0.9248884392729609,0.9281886552143384,0.9239582196242216,0.9079289472796176,0.9536394344802668,0.9706783098096752,0.9640197161038394,0.9093848768450662,0.9478689612147646,0.9164113247017446,0.9429479990317059,0.9602049590070623,0.8927158818517936,0.937632357226296,0.7965702958436103,0.9629386462933057,0.9304370184460166,0.9293081169325921,0.9526666049119318,0.9606220396913367,0.9759523846096398,0.9606221794192966,0.9729454025092882,0.9568175044648752,0.9348047534411617,0.9282426748567205,0.9439476179337704,0.840273556193042,0.9131479337699708,0.9232617078840534,0.9707402699806474,0.9795634659660467,0.7744260475096542,0.8584491504236985,0.849883862697926,0.9357322512719255,0.9580398729277113,0.9290984602444754,0.9706477604011307,0.9337439569462431,0.9730152261066705,0.9659868331660454,0.8807961206296601,0.8603702267384545,0.9327879289305888,0.8399372798573713,0.918394481121675,0.9500353159984335,0.862274882443726,0.9428983586612057,0.9411081198798129,0.9312041110850602,0.9807608068961072,0.966969497927152,0.9262120028307527,0.9155486364803334,0.9589372261170516,0.8671978229062144,0.9172856969690932,0.9422614209181336,0.913807400789323,0.9522533187952992,0.9608743095357283,0.9394947075738127,0.971544645302654,0.8497859980272728,0.9702948358676367,0.9482832659428927,0.9563059787576462,0.946846791747805,0.902432578006942,0.9354932582412376,0.958991915775174,0.9370245555933309],[0.9109514361960522,0.857927239313595,0.9626355516799465,0.9704291821701598,0.8619842845620356,0.9804407629997677,0.970141829827698,0.951644027795768,0.9766395695701255,0.9335911212797501,0.9693701453616967,0.9428880697593895,0.978865312665004,0.9501249021070576,1,0.941167444653852,0.8476403703159245,0.9347779004721661,0.9752525442786872,0.8756510804781918,0.9889241904979125,0.9395052517743497,0.9510530685721211,0.9352672299607152,0.907388900621672,0.9193442606476396,0.9783968656780219,0.8724821924410329,0.9553382248127004,0.9339688138612326,0.9694194445552474,0.9145201172311805,0.8443966606486825,0.9225910591496675,0.969351751750563,0.969113760737409,0.966460003692123,0.9703176248860398,0.9445914919339586,0.965204526480832,0.9568566740298946,0.9333289429395297,0.8827819969278652,0.9459819225838066,0.8756159907634797,0.9103475645664443,0.9623929694734532,0.8876518124472559,0.9870492583014597,0.8061828083423928,0.9625899675850964,0.9730319800238705,0.9049685571647148,0.9805934337321693,0.9526505817565367,0.9441855491582566,0.9503157920889119,0.9377361673224905,0.9383034976294157,0.9758870454207116,0.9753952457047889,0.9795015471233476,0.8257105401611398,0.9154376293322225,0.9713823361628144,0.9562511863125555,0.9567181221675279,0.7717482907822869,0.8179235130781674,0.872122450416963,0.9122863613029636,0.9470797513670516,0.9502288040964784,0.9498098278296232,0.8980229733112408,0.9232914373010669,0.930361181243247,0.8922844339415136,0.8798782780292858,0.8879184980210859,0.8508165903252312,0.9773938933262389,0.9176407327408656,0.8376619136473977,0.9128073096406977,0.9070459681200319,0.9414406751033203,0.9543744124451149,0.9414710188293124,0.9034234029672861,0.8782267842839832,0.9412452161380314,0.8681224918478657,0.8972586334968102,0.9840887540185399,0.9104775937156303,0.9901190313679309,0.9312612872494618,0.9498075404608537,0.9292743079576447,0.857773162641171,0.9564263553337765,0.9861981320847741,0.9560806644068447,0.9487108736444464,0.967011161619416,0.9526038234269789,0.9586463927720393,0.9860512245548089],[0.9648191484844412,0.8772512337609734,0.9664982821836002,0.9650893324441213,0.8249359558361828,0.9183115530460844,0.932689468853517,0.9076433133185402,0.9652437858169408,0.939004304558938,0.9528988680511841,0.9715783048722031,0.9576718861948118,0.9762289787894884,0.941167444653852,1,0.7986945890212265,0.9477692257589273,0.9631717139852302,0.8612714047137746,0.9443917324500513,0.9732072632655888,0.982628023824931,0.9637021120829986,0.9598053794027686,0.8861282155499759,0.9336012373330144,0.8111312241637636,0.9687412825191352,0.9306033438986109,0.9494737732977653,0.8980252195799504,0.7876008386465464,0.8631687403237649,0.9474252239475714,0.9140005360071749,0.9090666341344663,0.929549171357888,0.9137004294027599,0.9716084349642665,0.9692282580408292,0.9798712928127388,0.8952424948221112,0.9579017933869844,0.9186341954023657,0.9463342872961417,0.9775143779766083,0.9049968090035208,0.9395474085049923,0.7501364054960423,0.9566167884539051,0.9418027052828665,0.9409441832073143,0.9512455518494248,0.9691652755793588,0.9777039403486683,0.9467806796748902,0.9852548262901073,0.9669382967080435,0.909924555522747,0.9138289945801735,0.955279497754965,0.7718824917848472,0.9055610336200146,0.915191133401223,0.9595387964808777,0.9745272057982948,0.7314280427922271,0.8021650334466234,0.8406752799902247,0.9351069293067922,0.9635060190755989,0.9300808665729866,0.9864479804461186,0.9175717352799011,0.9831369211574568,0.9689601064563366,0.859626634210145,0.8315202880225506,0.9205623166916735,0.8064106731614098,0.9209938741621951,0.9571677749621645,0.803483031669098,0.9426492814113383,0.9390257610820559,0.939017965444914,0.9766360653119942,0.9734901906479634,0.9244412259338862,0.9039080499388993,0.9588212135601242,0.8079621855688683,0.9098783958145107,0.9382248436394519,0.9180844912803171,0.9449047622645177,0.9739890295175051,0.9646598743118006,0.9830815040872471,0.8142029821509511,0.9859577348385409,0.9438647815363957,0.9447643407418168,0.9610588944769118,0.9054545462202874,0.9231583020838594,0.9654261099785467,0.9341264033080887],[0.8174999678912234,0.8873570279916505,0.8415043455922552,0.8697810825055533,0.9753906825377534,0.8628439661823969,0.903947371477141,0.7769723231417591,0.86781961240754,0.8551122252285018,0.797299132165467,0.8490658154490983,0.8850970962141618,0.8387675974452519,0.8476403703159245,0.7986945890212265,0.9999999999999999,0.8168118783463466,0.879295907064285,0.9239685163744471,0.848992169529726,0.8099076919816021,0.8156184170655584,0.8616066457888291,0.8068971229703722,0.7544315814179289,0.8672150189122154,0.9397676229938611,0.8014971931814178,0.8791004167491249,0.8551442130729519,0.7911397802700464,0.9820243207752003,0.7616307405954759,0.8797673989496689,0.8731141471577804,0.8067046034574283,0.7975826000390097,0.8918944402077914,0.7823599218066137,0.8746898212021349,0.8356172522737269,0.8890604380428816,0.8151252363291894,0.8480830784338662,0.8136089416707012,0.7964795662912847,0.8928182141018888,0.8094946029346518,0.9201287700899727,0.7915412472083854,0.8711895538157585,0.8658360478385115,0.8366737695121407,0.8513938185326321,0.864144089077406,0.859210894959354,0.7502076587702333,0.7791249838363247,0.8602003695241125,0.8943527112087439,0.8286786100195513,0.9655336667316143,0.89523476166868,0.8740939774801252,0.9095860502447202,0.8140826036725864,0.8918967364548669,0.8959187889215028,0.8409576227669993,0.8576538816831242,0.8881393204132019,0.753929339857599,0.7927481346781504,0.8168130193766593,0.7545732588131505,0.8586187793413363,0.901283134762225,0.9233939721101023,0.8176085083979369,0.9639464678640443,0.861209629147033,0.84758779891591,0.9269154597357907,0.8329668637189996,0.8569441915996926,0.8774881638337392,0.8555420450636413,0.8084492291666261,0.8405720759509931,0.868733269639629,0.8934723400494189,0.9408158323867195,0.8848260926260327,0.8715043981285069,0.8668425003242958,0.8705035581047195,0.835647562094891,0.8059427282101032,0.8278458104327289,0.973817087068624,0.8037495041509353,0.8305414823303029,0.7961231906360594,0.8449354603845184,0.7085893972333569,0.8386504729324004,0.8834270113093672,0.8131592894676873],[0.9393869339814259,0.8664639075514188,0.970783235740977,0.9493442276767373,0.841328681110812,0.9251340561528912,0.9420853624099583,0.8528677535392003,0.940148908134661,0.987153819865209,0.9459882821645392,0.977722738313734,0.9528112041516162,0.9469518580850994,0.9347779004721661,0.9477692257589273,0.8168118783463466,1.0000000000000002,0.9347092024649707,0.8858511122395221,0.9267008125522018,0.9058062372066117,0.9538054183631764,0.973594703038358,0.9403010331413212,0.8256800096075805,0.9356787802653007,0.8889113612372518,0.9141465394703927,0.9534124488841876,0.9598711948348961,0.8418229759047768,0.8208248007659795,0.900740813099577,0.9172187875590291,0.9377646081142653,0.9515364749300961,0.8793582941544542,0.92544433310223,0.9287070948093192,0.9713740201114588,0.9493051069208363,0.9108302269459437,0.980415551688427,0.9002928692605033,0.9498831802777569,0.9395309362721731,0.908067190803805,0.9064300854224326,0.7919029285379952,0.9138945109400679,0.9222459315908929,0.9333264340874234,0.9178618382109381,0.9681536842042062,0.9530257025637183,0.9798456082357314,0.9296057460520839,0.9543419987911941,0.9341668025789197,0.9480478813327449,0.9241988407943343,0.8079338581710219,0.9586730010326749,0.9340843614484661,0.9534898978960669,0.9291001830362057,0.7521808724278828,0.8037446225198388,0.939042475738899,0.9494686862816265,0.9275241167004893,0.8526633259322839,0.9603811833686253,0.9560607365110383,0.9085589112505006,0.9540689183338786,0.9096082084127929,0.8985539478982075,0.9311684235123946,0.8394499777061107,0.9091272245930653,0.9547376331419407,0.8211501572956517,0.9602133236578637,0.9432246605967779,0.9632521285647104,0.9730447126471425,0.9023421999423683,0.9466926225665777,0.9050690658327505,0.9669544827937363,0.8743480205879052,0.9220345252275661,0.9229460376858526,0.9567172285956456,0.9220207525623481,0.9693017808520191,0.9487579613694872,0.9407218530766819,0.83706211757644,0.9497250886403781,0.9343907710984756,0.8866217228324685,0.9544284693395557,0.8911384818905635,0.9656584567885608,0.9372494058327792,0.9042420605156434],[0.9304391283036122,0.8859563674434283,0.9714870249910426,0.9875323082237755,0.885094841607021,0.9631355745794523,0.9785860510461372,0.9247725112045125,0.9853341945489099,0.9375537350067303,0.9727220065123022,0.9549480145190564,0.9895064266586506,0.9639250293295051,0.9752525442786872,0.9631717139852302,0.879295907064285,0.9347092024649707,1,0.8952178462675515,0.9780719468783969,0.9649898767228027,0.9631079788757373,0.9566024803479365,0.9291711635982937,0.8999291678678046,0.9643586752266367,0.8739419819728033,0.9715906014279623,0.9549521678266136,0.9777947479285856,0.9027392638337481,0.8678507393482267,0.886114209817594,0.9691609053792553,0.9519184383359527,0.9490306801770027,0.9528056912850066,0.9590214415407309,0.9767559782310515,0.9744762768989631,0.9588547428468824,0.9060663901110351,0.950101138829852,0.8999645803182785,0.9306446911775258,0.9764292154427526,0.9155580292769078,0.9677642164020183,0.8270658264942187,0.9705780133809984,0.9877956875281809,0.9320398114548718,0.9780986454811925,0.9693244353188757,0.9719499027428274,0.9559410136349566,0.950110142386725,0.9473987900462225,0.9539113561235226,0.9620670147192707,0.9824435379583202,0.8415908114530489,0.9253487832132563,0.9634278399304435,0.9730171474649497,0.9733204068932441,0.7998481486406164,0.8302376123270991,0.8712188804636838,0.9300890047404753,0.9753413469298089,0.9436625062796219,0.9651915018387998,0.9074481763898219,0.9418625523703145,0.9542510860780836,0.9030354017524048,0.887301306576494,0.9032250717909092,0.8744889122013303,0.9622821322683014,0.9414615722421386,0.8467569417028797,0.9320587572102674,0.9254429689770828,0.9581435881249597,0.9692481684625466,0.966827790159598,0.9219300090970355,0.9014536825819974,0.9680962719215208,0.8672400931626216,0.919436541730618,0.970946035075109,0.9308994220564427,0.9807842833352829,0.9522726489582325,0.9701675995328698,0.9531881955949878,0.8792460174079755,0.9711068028084691,0.9792274625484145,0.957733973663071,0.9659481620034839,0.9165719292466362,0.9507781165745894,0.9861336068487441,0.964318667725121],[0.8827388775144428,0.9573165319120573,0.8871176159965718,0.8951915236739375,0.9562369306422525,0.8883626304145366,0.915101916894118,0.818112272211997,0.8983697598027787,0.9057103386998272,0.8396131253788575,0.9005391414143921,0.9165961865163147,0.8876846802015932,0.8756510804781918,0.8612714047137746,0.9239685163744471,0.8858511122395221,0.8952178462675515,1,0.8733504333161866,0.8591564159727391,0.8676934192832748,0.9104254688527083,0.8847521759760842,0.7969217673981067,0.9146006728594447,0.9468271567382468,0.837398881797497,0.8980212490738081,0.8937906632659337,0.8349202327923694,0.9128028794419725,0.8257230044712782,0.9233997346001469,0.9112169416511166,0.8494210252905512,0.830998252934438,0.9122717364225218,0.8487806975854314,0.9078729285371382,0.8821954424739333,0.9748757985297357,0.8766155607159276,0.9253259542369875,0.8970718788722328,0.8620895386191779,0.9561809907300068,0.8416671207374276,0.8496946349047629,0.8385070805833784,0.880955748045381,0.9219442